36
100 10 11 6 0
101 10 13 6 0
102 10 12 6 0
103 10 13 6 0
104 10 11 6 0
105 10 11 6 0
106 10 11 6 0
107 10 12 6 0
108 10 12 6 0

200 12 13 6 0
201 12 13 6 0
202 12 13 6 0
203 12 10 6 0
204 12 10 6 0
205 12 11 6 0
206 12 11 6 0
207 12 13 6 0
208 12 11 6 0

300 11 12 6 0
301 11 12 6 0
302 11 13 6 0
303 11 13 6 0
304 11 10 6 0
305 11 13 6 0
306 11 13 6 0
307 11 12 6 0
308 11 10 6 0

400 13 12 6 0
401 13 12 6 0
402 13 11 6 0
403 13 11 6 0
404 13 11 6 0
405 13 10 6 0
406 13 10 6 0
407 13 12 6 0
408 13 12 6 0


{id, from, to, speed, planTime}
