36
100 5000 0 1 0 D 5
101 5000 1 1 0 L 5
102 5000 2 1 0 R 5
103 5000 0 1 1 L 5
104 5000 1 1 1 D 5
105 5000 2 1 1 D 5
106 5000 0 1 2 D 5
107 5000 1 1 2 R 5
108 5000 2 1 2 R 5

200 5010 0 1 0 D 5
201 5010 1 1 0 D 5
202 5010 2 1 0 D 5
203 5010 0 1 1 L 5
204 5010 1 1 1 L 5
205 5010 2 1 1 R 5
206 5010 0 1 2 R 5
207 5010 1 1 2 D 5
208 5010 2 1 2 R 5

300 5001 0 1 0 L 5
301 5001 1 1 0 L 5
302 5001 2 1 0 R 5
303 5001 0 1 1 R 5
304 5001 1 1 1 D 5
305 5001 2 1 1 R 5
306 5001 0 1 2 R 5
307 5001 1 1 2 L 5
308 5001 2 1 2 R 5

400 5018 0 1 0 D 5
401 5018 1 1 0 D 5
402 5018 2 1 0 L 5
403 5018 0 1 1 L 5
404 5018 1 1 1 L 5
405 5018 2 1 1 R 5
406 5018 0 1 2 R 5
407 5018 1 1 2 D 5
408 5018 2 1 2 D 5


{id, road, channel, to, pos, dir, nowSpeed}
